9

../OSG/marco.osg
100.0 90.0 0.0
0.0 0.0 0.0 0.0
70.0 65.0 70.0
MARKER 1

../OSG/marco.osg
100.0 90.0 0.0
0.0 0.0 0.0 0.0
70.0 65.0 70.0
MARKER 2

../OSG/marco.osg
100.0 90.0 0.0
0.0 0.0 0.0 0.0
70.0 65.0 70.0
MARKER 3

../OSG/marco.osg
100.0 90.0 0.0
0.0 0.0 0.0 0.0
70.0 65.0 70.0
MARKER 4

../OSG/marco.osg
100.0 90.0 0.0
0.0 0.0 0.0 0.0
70.0 65.0 70.0
MARKER 5

../OSG/marco.osg
100.0 90.0 0.0
0.0 0.0 0.0 0.0
70.0 65.0 70.0
MARKER 6

../OSG/marco.osg
100.0 90.0 0.0
0.0 0.0 0.0 0.0
70.0 65.0 70.0
MARKER 7

../OSG/marco.osg
100.0 90.0 0.0
0.0 0.0 0.0 0.0
70.0 65.0 70.0
MARKER 8

../OSG/marco.osg
100.0 90.0 0.0
0.0 0.0 0.0 0.0
70.0 65.0 70.0
MARKER 9
