28

../OSG/letraA.osg
200.0 200.0 0.0
0.0 0.0 0.0 0.0
75.0 75.0 75.0
MARKER 1

../OSG/letraB.osg
200.0 200.0 0.0
0.0 0.0 0.0 0.0
75.0 75.0 75.0
MARKER 2

../OSG/letraC.osg
200.0 200.0 0.0
0.0 0.0 0.0 0.0
75.0 75.0 75.0
MARKER 3

../OSG/letraD.osg
200.0 200.0 0.0
0.0 0.0 0.0 0.0
75.0 75.0 75.0
MARKER 4

../OSG/letraE.osg
200.0 200.0 0.0
0.0 0.0 0.0 0.0
75.0 75.0 75.0
MARKER 5

../OSG/letraF.osg
200.0 200.0 0.0
0.0 0.0 0.0 0.0
75.0 75.0 75.0
MARKER 6

../OSG/letraG.osg
200.0 200.0 0.0
0.0 0.0 0.0 0.0
75.0 75.0 75.0
MARKER 7

../OSG/letraH.osg
200.0 200.0 0.0
0.0 0.0 0.0 0.0
75.0 75.0 75.0
MARKER 8

../OSG/letraI.osg
200.0 200.0 0.0
0.0 0.0 0.0 0.0
75.0 75.0 75.0
MARKER 9

../OSG/letraJ.osg
200.0 200.0 0.0
0.0 0.0 0.0 0.0
75.0 75.0 75.0
MARKER 10

../OSG/letraK.osg
200.0 200.0 0.0
0.0 0.0 0.0 0.0
75.0 75.0 75.0
MARKER 11

../OSG/letraL.osg
200.0 200.0 0.0
0.0 0.0 0.0 0.0
75.0 75.0 75.0
MARKER 12

../OSG/letraLL.osg
200.0 200.0 0.0
0.0 0.0 0.0 0.0
75.0 75.0 75.0
MARKER 13

../OSG/letraM.osg
200.0 200.0 0.0
0.0 0.0 0.0 0.0
75.0 75.0 75.0
MARKER 14

../OSG/letraN.osg
200.0 200.0 0.0
0.0 0.0 0.0 0.0
75.0 75.0 75.0
MARKER 15

../OSG/letraNE.osg
200.0 200.0 0.0
0.0 0.0 0.0 0.0
75.0 75.0 75.0
MARKER 16

../OSG/letraO.osg
200.0 200.0 0.0
0.0 0.0 0.0 0.0
75.0 75.0 75.0
MARKER 17

../OSG/letraP.osg
200.0 200.0 0.0
0.0 0.0 0.0 0.0
75.0 75.0 75.0
MARKER 18

../OSG/letraQ.osg
200.0 200.0 0.0
0.0 0.0 0.0 0.0
75.0 75.0 75.0
MARKER 19

../OSG/letraR.osg
200.0 200.0 0.0
0.0 0.0 0.0 0.0
75.0 75.0 75.0
MARKER 20

../OSG/letraS.osg
200.0 200.0 0.0
0.0 0.0 0.0 0.0
75.0 75.0 75.0
MARKER 21

../OSG/letraT.osg
200.0 200.0 0.0
0.0 0.0 0.0 0.0
75.0 75.0 75.0
MARKER 22

../OSG/letraU.osg
200.0 200.0 0.0
0.0 0.0 0.0 0.0
75.0 75.0 75.0
MARKER 23

../OSG/letraV.osg
200.0 200.0 0.0
0.0 0.0 0.0 0.0
75.0 75.0 75.0
MARKER 24

../OSG/letraW.osg
200.0 200.0 0.0
0.0 0.0 0.0 0.0
75.0 75.0 75.0
MARKER 25

../OSG/letraX.osg
200.0 200.0 0.0
0.0 0.0 0.0 0.0
75.0 75.0 75.0
MARKER 26

../OSG/letraY.osg
200.0 200.0 0.0
0.0 0.0 0.0 0.0
75.0 75.0 75.0
MARKER 27

../OSG/letraZ.osg
200.0 200.0 0.0
0.0 0.0 0.0 0.0
75.0 75.0 75.0
MARKER 28
